5.2843150687136
3.0098251022236
4.3791628907581
3.6535005203130
6.8561451486907
5.9313313735923
-4.0016672108760
-4.0829740078368
13.6264789766271
0.3929159561461
5.4619643443115
-2.5196890006889
-1.8634070940606
5.2998545463079
-0.4430310799099
-1.5364369196993
3.7699551705742
0.2453514899600
5.0324581619104
2.7058592038658
-9.0355579277755
3.7985829854979
7.6629798517845
3.7083687143594
11.4039786271814
3.1286141391988
1.9364914646175
-1.5499428495218
-11.0810733227000
-5.6903542828391
-6.1777587843119
-2.7743720069944
2.8051743845977
-5.4600233263652
-2.8315639111125
1.0479624788921
10.0225748541646
5.9881737377463
-1.0756814002442
6.6454279780294
5.9776070917162
-0.9324482392165
3.4528121670917
6.8817207405908
0.6331737587235
5.0013426758311
1.2470088299614
-1.8060329872960
4.3003159477848
1.9614394706873
-4.2384996079495
-4.8770155427349
-3.5481319171405
3.8449302443709
-7.6137129501223
-3.1966627809854
3.0352609729371
3.7082499716790
-1.7182385320282
2.8698724309871
0.6881677246329
12.9196922591815
-0.4323224223886
2.0203712726822
5.0164417426295
7.5803970652470
2.4055153992385
-4.0586156491070
3.6651888291175
-0.0276516520781
-1.8197289618921
14.9828674000816
7.4506719848149
5.9437163539721
6.8927807514398
-3.3864120350885
0.0998263908806
-0.7180569260050
7.4306749111817
-2.1802263980553
2.0432355295945
-0.6063173430419
0.9092167805975
-0.0196706606217
1.1634890174495
7.2344976007591
6.3543418476375
9.0167036641248
-3.8568773137934
-7.4274173489594
13.1520001600184
4.9763810726315
1.3743663932436
0.1175475627608
4.4517187268913
0.2252911884529
-1.8090404918956
1.2133244701456
4.2373313380424
2.0417641733544
-1.5223134568760
4.4798398809332
-10.8887801449558
3.2407399150545
-6.7929167505512
4.4003379090424
5.3022799504094
-0.5000086935597
0.8952393553081
-0.2738050336471
-4.8405685767347
3.4566144288676
3.2828413225641
-1.4982432405900
5.3991115869600
9.9291498728477
-0.8025825823504
1.9452474413830
4.3420522778315
6.7331177144730
4.3341378555923
3.5441107199656
-2.4683968193570
2.5693507585176
-6.3653020033933
-3.8830491139786
1.1811910972688
1.8367144465416
-0.4844153028502
0.2688357781471
1.6470159822510
2.8506003216338
4.2750573523983
-6.6755175432408
2.7114523426703
1.3621433280750
4.9423440332519
-9.2332914199419
8.5637258411657
-0.0586129373458
-1.4560569036135
-0.3584276771687
1.4240084584156
-2.9516171319964
8.4751507873359
0.6847058163875
-0.9083452654900
4.3984390527154
1.6195553694082
2.3779260486668
2.2801794505243
10.7646123168014
-9.6563117703514
0.8605280174690
-0.4910854829494
-1.7926828023456
-0.3203502642756
-0.7779008319031
-8.1498425597354
5.9079106518104
-4.1559757194253
1.7190578698785
2.8962549911178
-4.0828184099828
0.2700775722561
-4.9783793188038
-1.5617286646355
1.0333861177403
4.8791955968055
2.7512655823405
0.3022797843604
-4.6011206750912
-1.7829204015155
1.6175645955944
-1.0764646263297
-2.8696156325137
2.0950227035350
0.8127263964853
0.8008529988259
0.8808089631225
3.0746557131194
1.6328422187444
2.9228954205270
-9.1112364284741
-0.4798593669244
3.0607259436667
2.0219056161672
-5.8701153231691
8.1383827902458
0.4369523135289
6.6047268126370
8.9799177872171
2.2735940141877
0.2936064281887
12.5537236458233
0.3125399583634
-1.1738684140967
-1.3531028820458
5.2002251494086
5.1799614251300
-2.2438101289552
-3.2373557680085
-5.4231691351831
-6.8730237620097
5.5683460605759
0.9286064705231
-4.0029370329706
-5.5985102948970
-4.8124384889937
-0.8580709230242
-6.9014231184383
1.7393268745013
7.1724169184320
-7.4855739934098
-0.0949781220496
-0.1870570902220
3.3278090432108
-0.9916355296695
-1.9052191027546
-1.4286720208285
-1.8567145451653
7.5772645788023
3.2030513355783
-1.7218794051296
6.1839607368688
-1.9903081597350
-4.4791458732198
-1.4646656541561
-0.1282653457913
-1.0264948730568
2.8359305389082
-1.0647493140050
7.3684326578882
1.4354546357756
2.8679783892725
3.7679040642362
0.9651406039522
-5.8429725985233
1.3350581439904
1.1886554787907
1.1805240842303
2.2816940203452
1.8474312167367
-1.6345709158859
2.6409311988488
2.3161866782458
7.8604192359988
0.9180526111073
1.0829831828397
5.2229447325139
8.2025026089734
0.0543237259616
2.4134420645577
3.3498206456553
-6.2589485364212
-1.4091632794235
1.6857891838967
-0.6366052436480
8.4052214808665
0.5808150979574
0.4987283474275
1.0679942841594
-4.5564452946793
2.6516890415286
12.0450001140237
-3.4636703652596
0.0758559285542
-1.1869056837689
-2.8503609414909
-3.5233068507985
2.7545048493083
5.6304904338777
-2.3752899278042
-2.1504436848524
3.1998559976884
6.9191881253066
-1.7097346337486
4.9569740859102
-3.3470072317065
4.3206414986421
5.0746659334353
-6.1802587230319
-4.7000164391553
1.0602491625096
-2.6288250363577
-3.8454743549187
-3.2834877714922
1.2753698678093
4.3701699145871
0.7154422541107
4.4366744645870
-1.1841441375779
-2.5636462264002
0.7600313504906
1.1607985534316
-3.8880504602471
0.5593915452371
-0.5350637468307
4.4537958473013
0.3774768177515
1.1354938998919
-0.7879070002392
3.3093740301391
-1.5313941068869
0.0584890199628
0.1171083553836
4.4574859533608
1.4306026919552
5.6395685316371
1.0981943537470
1.0487076266207
0.4182603523504
-6.7976869907397
-0.0720340332569
-7.1909805946055
-2.7496761044560
1.4246275530511
-3.8399588050302
-7.1707219583822
-3.0431619550041
8.8595828965736
-2.5186603250178
7.2898609446371
1.3461133062470
-6.5936774925383
-2.6177403532218
5.4500537712116
2.9943028635517
0.5816368159577
7.2894532569819
7.9856353763694
-1.6712552648786
1.0551620839359
-0.3889711267886
6.1602864404543
0.9466128518377
2.2255251827466
2.8560108773136
2.7681884500367
2.0335785226901
-2.1243754516945
4.2121062300992
3.7400366709875
7.9705415391407
-3.6082768629850
3.1799716970961
3.5595491433604
4.4698429564756
1.1017776014778
-1.0331904631070
4.0118255799924
0.5802301157833
2.5702690194787
-7.0922782808752
-4.4784119196623
-6.3599254607119
-8.1863368024804
-1.8937886068798
-9.8738385128661
8.4621468403799
6.4070987245184
-3.1559930193027
1.7729869136940
-2.4623632596764
3.3759057976116
-2.1790227918843
10.1677492824590
0.3259951071103
0.0378376115084
-5.0798886844536
0.9546681071844
9.5670107356494
-13.8842974872320
-0.0430210714163
13.6485632327110
1.5945850696771
6.5450796048611
1.3199846216313
-0.1351228522089
4.5999908878151
1.1170541838751
6.1555076182464
4.5483157740842
0.1835444250245
0.9612682407472
6.3930036167071
9.3674399456469
3.2460200006489
-0.9980609550929
-2.1951736271905
-9.1216796152223
0.3920057067079
-12.2660408528820
-4.0178686136742
4.4372939055638
-0.8395508108927
-0.9924656335059
5.6853811178234
14.6804577709115
-3.8212902795658
1.5632853568847
2.3236157491474
7.6249734788986
1.4047259725245
2.7583685497007
-3.6595510968411
-4.0270622045373
-1.7049147167106
-2.5312423518504
-1.0381751222659
1.9942100570733
0.7531624591154
-5.1899147885741
2.5103794095673
5.2985578840999
-1.5624751857761
-2.4970314239613
1.8322283268274
0.9280321258486
2.0494479506129
-4.0379399576779
1.6405216822376
0.6055026295924
-7.1496213022596
-1.1767477910878
4.6043777151651
2.0931405552485
1.0296373477241
2.1309658108771
4.6715121921749
6.7882542920309
3.3818151435998
8.1813438933060
-1.2963977024728
1.4183329697140
2.9645525674996
7.7363874464546
-1.7064202313546
3.1309425935555
6.6915090971677
8.1973401516517
-0.7804251069560
-7.4966956825247
-1.9727078659626
4.0427134509999
4.0929136306686
1.0745201795437
6.8617211666593
-3.9339398466546
6.5848106903016
-1.9878269024102
5.7208004014363
4.3569472337765
-4.8069760995624
3.9050763573338
-0.1548913660981
-2.2033068849580
-0.7389688091576
-5.1738304709665
3.5354963571592
-5.0396652308831
1.1523374214288
-1.7590709941941
6.5986896920518
9.8719786222481
7.1819649957452
6.8706839252862
0.6032326491257
-1.3577881575971
-1.0281879363151
2.6930516218791
-5.0666062304395
-2.6567103026549
3.6014385999739
2.9922427436463
1.3575573603632
-2.5952755160014
9.7353365967099
4.1063190535888
1.5497981165298
6.5049874218161
-0.7755142972976
2.0420001612608
2.8239513253410
-1.8429931383007
6.9841428920305
-3.1048526276711
0.1100131106276
-0.0318966380448
1.9283412498726
3.8350128912857
1.7865083831143
12.3065553060646
-4.5114423457587
-1.1944217647829
-8.0070954920928
-3.1961960446742
-0.4933509039574
5.6442837854536
2.2959886096822
6.0127209671244
-2.3530295491976
7.0319340885102
2.3849751575204
-2.7808737584031
9.2333760059003
-2.8480245035390
0.5610264044310
-3.2362715818555
2.5864416621799
10.4226632415326
-0.0266916788926
2.6858661294958
2.4957605607044
9.8804565952358
3.0558036779990
4.2966837814558
-2.5672121319782
10.6068861440024
5.1301913335000
1.8088882667809
-0.2457414529208
0.9802079881473
-10.2281141228759
-0.9222470062101
4.2330767630977
2.4328878334515
2.4217716061155
-13.1818955847984
-1.8748871350010
-2.4075837995965
3.3709155693328
2.2158774566512
-5.0672689577594
0.8434917918919
0.4370940306039
3.3552877000719
-5.9039463996826
3.1030543782278
-1.5807578102470
-13.9133749833267
-6.2998678075994
-1.3583707033032
1.9320544167457
4.0632879967617
9.9774067367799
0.4704721406051
0.0752532907708
2.0400812242112
-0.7834679953688
3.5326780194685
-6.4961295501353
-2.8986823851197
-7.5893679929157
0.5173529832249
1.4260198108631
3.3240160974938
6.4995378378053
4.9146527425298
7.4938831209746
-3.0077910355459
2.1018368851211
4.3708295522801
-0.0601598162867
0.8081607570069
4.7156178740850
4.6210710950370
-1.7582934875503
2.5122358049677
-1.3838385291309
-5.2303935425801
3.7401888811401
-1.3439403918349
4.2244507746000
-2.0389644342603
-4.2121806323658
-3.6790379128675
-2.9678844160585
4.8660044363993
-2.3843650441361
14.5517076021117
3.2681265932164
-4.6492678938468
2.8566261116756
0.7992698945218
-3.6821761193279
-2.6773132601134
-4.9123009084900
-0.3768124173724
5.0792687631181
-2.7582363092790
4.5750344854512
-1.2181142579642
-4.3530744130972
3.8571601153673
-6.0172733779416
-1.2902103755170
3.8501969251858
-9.4820805129706
-0.4960710756933
-1.4878071658637
-1.3298807004580
3.6661441039787
2.6839802582791
0.0619095050651
3.4630074696443
-2.4379013074114
-2.0604645328286
11.6476212905452
7.1395130222017
-3.5159825609943
7.8462045392764
2.7015641797023
-2.8799081594947
-2.8743180898902
3.7427719091447
-2.2977067593481
4.7465639434646
8.5160024786497
-0.0676004873239
-5.8784228102619
-2.5390319855653
1.2182588800545
2.4965961096069
6.6906644845718
8.3342909288373
2.6445219968788
5.0748324629784
1.5721159544292
-5.3562447368396
0.5817192117922
4.1961364627181
-0.0100131405132
-0.1675598559096
-14.5184604653038
-0.0570442420251
2.4800324839225
-9.4099352788155
-3.1774300014098
3.6860174536986
-0.3046533746757
-7.1122973225320
3.2201562905031
3.2124551035680
-3.8781232483005
1.2965580369343
-2.3831825234041
-2.4865397963074
-0.6531037793448
3.1895528145191
1.6691346888135
-2.1894265266907
-3.6285917053082
0.4423417269869
5.7185696851333
4.1160499352842
5.9396296809055
9.5304899971464
4.8815066186658
2.9505048027594
-7.7773885127096
-6.9182291709315
-2.8355827511934
-0.4454458154580
2.1420739688469
4.1932858788492
-0.7507719424528
4.0244003314252
3.2415780142933
0.2957269492980
8.1112135839587
0.8281542355760
0.2139631193956
3.0352630400830
5.0266574266844
0.2969897300549
-7.9157756789747
-3.1009184217577
3.4116066947428
0.6481530400613
-4.9749815657997
-0.1268726140299
2.3478595711180
3.7669094217261
2.2528936049452
2.8683753417400
-2.7118257629848
3.4215946968142
-1.8147607049507
1.9849497922280
2.7521676894418
0.6551499126686
2.2147088568068
-0.8174106216080
-3.1106888620799
2.8245721155164
-5.5901432448366
-2.4157340087107
3.1217305702333
5.1997182474055
-8.7965692317921
-8.0115916886488
0.9804050154068
2.0109946528276
0.8712880779813
4.7732947774610
4.8608968236011
-0.4941115620451
-0.8752624020088
-1.4214699846829
4.2028597814651
12.6136776719431
-8.3346219326900
3.5795779686269
3.3730412597435
-6.0864070539338
6.4129590962882
-1.1972306078177
-0.2709478406281
5.2373779424763
1.3771719825575
-5.8163301361618
2.1019757213588
0.2676992170693
5.4859760683327
-2.3562738787443
3.1462982566572
3.2219805594966
3.1841795050314
-0.8105244252926
6.9763894098618
0.7736038648294
0.1171100284479
0.9408775277771
9.7906952101842
-3.9867292275422
-5.5823463806105
-4.4116901441548
6.9223128653038
-1.0059560339319
-5.0444017330654
-5.2383069179561
-5.2303855633079
10.1006502493114
-3.9708976562213
6.9744567258390
10.6203182188655
0.2260584393913
5.0141566861608
-5.9622314268859
2.5575531963115
0.6115145655594
6.3994306161553
-1.6881896781869
-0.2874760957956
-10.7800647404668
-1.5745640963534
7.7428009462888
3.8520278217911
7.0381810513978
3.4152415842415
-2.5827516268952
-1.1331050643561
6.5382735864563
1.5043906140908
6.1603000918982
4.5720528715052
-0.3749206984094
-2.8668479193292
-2.5980554225031
-9.6065391308744
-2.3917189498094
3.9735185480279
4.7933565484763
6.1352052044749
7.5645194876546
-1.0041107876615
3.0280045267653
0.4322092105804
5.0029277932472
-2.5242131136395
-3.2934979289598
5.2673617604959
3.8214013945904
0.7468241118512
-2.9231934633275
1.2071245747817
10.0659593192532
0.8671932477941
1.5174794482450
8.2336954940696
-1.7586843212817
14.9212302779385
2.6558944192805
-4.5653817386495
5.5428399858139
-2.1976072154156
-2.6905348834866
-0.6323767323466
2.5478045524801
6.7445059214238
-0.8390702333348
-0.3417358982698
-5.6333222846954
5.7024297302831
-1.5478849195398
-1.7899282736414
-6.0714150141146
10.8064926017642
2.0785307808391
0.9274590200626
-2.2359459511070
0.9236165420513
1.9551684958036
-2.4044278223968
-3.2870080887057
-10.0894332881851
14.1877610328717
3.2032238957090
-2.4870579395016
0.7301069240784
5.0272426365332
11.5261069611068
1.1907919851541
-4.8776624445560
3.7493891002078
2.4984689777174
3.0358532268380
4.9629486243415
-2.0452890708259
-1.8875564784340
7.4394447157458
-0.8735431921934
-2.0708846093273
-3.7397793311833
-4.5586072477209
4.3853290665718
3.5668772162874
-1.8767513356994
1.9336287043921
6.1623567614283
2.4021499983860
-5.4720966567229
3.7384704471116
4.4766150122648
0.3189773772684
-0.3381479378121
-2.1786923785704
0.9129442143438
2.7062692215892
-2.6917461145814
-7.0023745091268
-2.5571128101906
0.0311188060562
4.9238944131400
1.6033662582439
5.8068702453008
1.6380437878701
5.1568129389856
4.2419880005899
9.2533878774691
-6.4831973703823
3.6299597028522
-1.1890118671524
5.1742714533552
0.8406099334017
10.3390977808454
-3.3894570798592
-8.4533067857738
2.7823222891282
3.8882724290480
-4.0533655333732
-1.0316253556032
9.4683561812984
3.1967634551350
5.9678470694443
13.0070307120593
8.0214078164193
17.7512257351134
0.5845002627300
9.9823993791029
-4.0223175745988
4.4934170215137
1.4823466201887
4.4014079201174
5.8707505170349
0.5546065056870
1.4180698411266
1.4936955851442
2.8086823254048
-2.6067520727573
1.1184405850377
3.5269145762472
-8.1293928284119
10.6954419962649
-0.5167221712514
0.5007959518487
-1.8896631025892
0.1822157602300
-0.8805606015231
-2.3175735939785
1.7594809217371
0.6557913077802
1.8614109392968
-5.4863529018530
0.9868724974123
9.1345017721234
2.4908148469868
-1.6611571572372
-5.1527310121973
3.9254412336505
-2.8842929131951
-9.9551758803547
3.6158018817605
0.3775806640841
-0.5965208987215
3.8933977580702
4.6024137267174
-1.2640738395389
-8.2090867842638
1.8054497025666
-0.2433985913058
-2.5405890214589
1.4050905628283
5.0554203389784
0.3026435151717
1.4105318362195
4.4791815303958
1.0103645738604
-1.6848375509177
8.2036312987507
0.0597568761582
2.3411596089505
-5.3013436803241
-11.0934759278188
0.3838532805888
1.3701346985995
2.8664507243291
1.7778932565816
5.0497657573222
3.8012449906754
4.9858438906606
1.6686295684319
-4.4090196517134
0.3956992242844
0.1961970343827
-5.9469884623258
8.5160860770300
3.0216865624156
5.8493717451473
-0.9555149211728
7.4292491707858
4.9994896530260
0.5997678836568
0.7491533489037
-1.4066650679039
1.9175557486244
0.0869444930411
4.0612742876460
-2.7720386471412
1.7330109957462
-5.9311844735393
0.9504415282233
6.9146867265219
9.5516257006878
2.5183300133212
-2.3347343270928
5.2819533370427
-0.7806165346249
3.8335199390241
4.1483590921049
2.9576637880338
6.2436768503112
4.9601116425282
-2.0579175636113
3.0753324180129
-1.2956770074810
4.5519031415750
2.9625785177831
-3.4441905501681
6.3897678164941
-2.8774141316159
-1.8744639895951
0.2021767893369
2.7871657886749
-6.8978860796007
2.6894701103678
3.7704068922975
7.3246129912772
5.2352728581238
0.6026702100847
1.3735105485549
-2.7528824855484
6.1477886161057
-4.9658263110928
-0.3258562758264
2.8728706352516
0.6763642469887
2.3733512507922
6.1602132112459
